3 1123567890
1 1234567890
2 123456789
4 54321
10 1234567890
10 1234567890
10 1234567890
10 1234567890
10 1234567890
10 1234567890
10 1234567890
10 1234567890
10 1234567890
10 1234567890
10 1234567890
10 1234567890
10 1234567890
10 1234567890
10 1234567890
10 1234567890
10 1234567890
10 1234567890
10 1234567890
10 1234567890
10 1234567890
10 1234567890
10 1234567890
10 1234567890
10 1234567890
10 1234567890
10 1234567890
10 1234567890
10 1234567890
10 1234567890
10 1234567890
10 1234567890
10 1234567890
10 1234567890
10 1234567890
10 1234567890
10 1234567890
10 1234567890
10 1234567890
10 1234567890
10 1234567890
10 1234567890
10 1234567890
10 1234567890
10 1234567890
10 1234567890
10 1234567890
10 1234567890
10 1234567890
10 1234567890
10 1234567890
10 1234567890
10 1234567890
10 1234567890
10 1234567890
10 1234567890
10 1234567890
10 1234567890
10 1234567890
10 1234567890
10 1234567890
10 1234567890
10 1234567890
10 1234567890
10 1234567890
10 1234567890
10 1234567890
10 1234567890
10 1234567890
10 1234567890
10 1234567890
10 1234567890
10 1234567890
10 1234567890
10 1234567890
10 1234567890
10 1234567890
10 1234567890
10 1234567890
10 1234567890
10 1234567890
10 1234567890
10 1234567890
10 1234567890
10 1234567890
0 0
