0 29 2 2012
365 29 2 2012
366 1 6 2004
366 1 12 2003
999999999 1 1 2000
999999999 1 1 2000
999999999 1 1 2000
999999999 1 1 2000
2 31 12 2999
1 31 12 2999
40 1 2 2004
60 31 12 1999
60 31 12 2999
146097 31 12 1999
999999 1 1 2000
999999999 31 12 2999
365 28 2 2001
365 28 2 2000
730 28 2 1999
1 28 2 1999
0 0 0 0

1 31 12 2999
40 1 2 2004
60 31 12 1999
60 31 12 2999
146097 31 12 1999
99999 1 1 2000
99999 31 12 1998
22 10 12 1998
0 0 0 0
999999999 31 12 1998
146097 31 12 1999
0 0 0 0
999999999 31 12 1998
280 27 03 0003
280 23 01 2009
280 23 01 2008
280 28 02 2013
280 29 02 2012
0 0 0 0
360 31 12 2013
999999999 31 12 1999
0 0 0 0
999999 1 1 2000
146097 31 12 1999
0 0 0 0
280 31 12 2013
999999 1 1 2000
0 0 0 0
1 31 12 2999
40 1 2 2004
60 31 12 1999
60 31 12 2999
999999 1 1 2000
0 0 0 0
