 1 1 1 1 1 1 1 1 1 1 1 1 1 1 1 1 1 1 1 1 1 1 1 1 1 1 1 1 1 1 1 1 1 1 1 1 1 1 1 1 1 1 1 1 1 1 1 1 1 1 1 1 1 1 1 1 1 1 1 1 1 1 1 1 1 1 1 1 1 1 1 1 1 1 1 1 1 1 1 1 1 1 1 1 1 1 1 1 1 1 1 1 1 1 1 1 1 1 1 1 1 1 1 1 1 1 1 1 1 1 1 1 1 1 1 1 1 1 1 1 1 1 1 1 1 1 1 1 1 1 1 1 1 1 1 1 1 1 1 1 1 1 1 1 1 1 1 1 1 1 1 1 1 1 1 1 1 1 1 1 1 1 1 1 1 1 1 1 1 1 1 1 1 1 1 1 1 1 1 1 1 1 1 1 1 1 1 1 1 1 1 1 1 1 1 1 1 1 1 1 1
 1 1 1 1 1 1 1 1 1 1 2 2 2 2 2 2 2 2 2 2 3 3 3 3 3 3 3 3 3 3 4 4 4 4 4 4 4 4 4 4 5 5 5 5 5 5 5 5 5 5 6 6 6 6 6 6 6 6 6 6 7 7 7 7 7 7 7 7 7 7 8 8 8 8 8 8 8 8 8 8 9 9 9 9 9 9 9 9 9 9 10 10 10 10 10 10 10 10 10 10 11 11 11 11 11 11 11 11 11 11 12 12 12 12 12 12 12 12 12 12 13 13 13 13 13 13 13 13 13 13 14 14 14 14 14 14 14 14 14 14 15 15 15 15 15 15 15 15 15 15 16 16 16 16 16 16 16 16 16 16 17 17 17 17 17 17 17 17 17 17 18 18 18 18 18 18 18 18 18 18 19 19 19 19 19 19 19 19 19 19 20 20 20 20 20 20 20 20 20 20 21
 1 1 1 1 1 1 1 1 1 1 2 2 2 2 2 2 2 2 2 2 4 4 4 4 4 4 4 4 4 4 6 6 6 6 6 6 6 6 6 6 9 9 9 9 9 9 9 9 9 9 12 12 12 12 12 12 12 12 12 12 16 16 16 16 16 16 16 16 16 16 20 20 20 20 20 20 20 20 20 20 25 25 25 25 25 25 25 25 25 25 30 30 30 30 30 30 30 30 30 30 36 36 36 36 36 36 36 36 36 36 42 42 42 42 42 42 42 42 42 42 49 49 49 49 49 49 49 49 49 49 56 56 56 56 56 56 56 56 56 56 64 64 64 64 64 64 64 64 64 64 72 72 72 72 72 72 72 72 72 72 81 81 81 81 81 81 81 81 81 81 90 90 90 90 90 90 90 90 90 90 100 100 100 100 100 100 100 100 100 100 110 110 110 110 110 110 110 110 110 110 121
 1 1 1 1 1 1 1 1 1 1 2 2 2 2 2 2 2 2 2 2 4 4 4 4 4 4 4 4 4 4 6 6 6 6 6 6 6 6 6 6 9 9 9 9 9 9 9 9 9 9 13 13 13 13 13 13 13 13 13 13 18 18 18 18 18 18 18 18 18 18 24 24 24 24 24 24 24 24 24 24 31 31 31 31 31 31 31 31 31 31 39 39 39 39 39 39 39 39 39 39 49 49 49 49 49 49 49 49 49 49 60 60 60 60 60 60 60 60 60 60 73 73 73 73 73 73 73 73 73 73 87 87 87 87 87 87 87 87 87 87 103 103 103 103 103 103 103 103 103 103 121 121 121 121 121 121 121 121 121 121 141 141 141 141 141 141 141 141 141 141 163 163 163 163 163 163 163 163 163 163 187 187 187 187 187 187 187 187 187 187 213 213 213 213 213 213 213 213 213 213 242
 1 1 1 1 1 1 1 1 1 1 2 2 2 2 2 2 2 2 2 2 4 4 4 4 4 4 4 4 4 4 6 6 6 6 6 6 6 6 6 6 9 9 9 9 9 9 9 9 9 9 13 13 13 13 13 13 13 13 13 13 18 18 18 18 18 18 18 18 18 18 24 24 24 24 24 24 24 24 24 24 31 31 31 31 31 31 31 31 31 31 39 39 39 39 39 39 39 39 39 39 50 50 50 50 50 50 50 50 50 50 62 62 62 62 62 62 62 62 62 62 77 77 77 77 77 77 77 77 77 77 93 93 93 93 93 93 93 93 93 93 112 112 112 112 112 112 112 112 112 112 134 134 134 134 134 134 134 134 134 134 159 159 159 159 159 159 159 159 159 159 187 187 187 187 187 187 187 187 187 187 218 218 218 218 218 218 218 218 218 218 252 252 252 252 252 252 252 252 252 252 292
 1 1 1 1 1 1 1 1 1 1 2 2 2 2 2 2 2 2 2 2 4 4 4 4 4 4 4 4 4 4 6 6 6 6 6 6 6 6 6 6 9 9 9 9 9 9 9 9 9 9 13 13 13 13 13 13 13 13 13 13 18 18 18 18 18 18 18 18 18 18 24 24 24 24 24 24 24 24 24 24 31 31 31 31 31 31 31 31 31 31 39 39 39 39 39 39 39 39 39 39 50 50 50 50 50 50 50 50 50 50 62 62 62 62 62 62 62 62 62 62 77 77 77 77 77 77 77 77 77 77 93 93 93 93 93 93 93 93 93 93 112 112 112 112 112 112 112 112 112 112 134 134 134 134 134 134 134 134 134 134 159 159 159 159 159 159 159 159 159 159 187 187 187 187 187 187 187 187 187 187 218 218 218 218 218 218 218 218 218 218 252 252 252 252 252 252 252 252 252 252 293
 1 1 1 1 1 1 1 1 1 1 2 2 2 2 2 2 2 2 2 2 4 4 4 4 4 4 4 4 4 4 6 6 6 6 6 6 6 6 6 6 9 9 9 9 9 9 9 9 9 9 13 13 13 13 13 13 13 13 13 13 18 18 18 18 18 18 18 18 18 18 24 24 24 24 24 24 24 24 24 24 31 31 31 31 31 31 31 31 31 31 39 39 39 39 39 39 39 39 39 39 50 50 50 50 50 50 50 50 50 50 62 62 62 62 62 62 62 62 62 62 77 77 77 77 77 77 77 77 77 77 93 93 93 93 93 93 93 93 93 93 112 112 112 112 112 112 112 112 112 112 134 134 134 134 134 134 134 134 134 134 159 159 159 159 159 159 159 159 159 159 187 187 187 187 187 187 187 187 187 187 218 218 218 218 218 218 218 218 218 218 252 252 252 252 252 252 252 252 252 252 293
 1 1 1 1 1 1 1 1 1 1 2 2 2 2 2 2 2 2 2 2 4 4 4 4 4 4 4 4 4 4 6 6 6 6 6 6 6 6 6 6 9 9 9 9 9 9 9 9 9 9 13 13 13 13 13 13 13 13 13 13 18 18 18 18 18 18 18 18 18 18 24 24 24 24 24 24 24 24 24 24 31 31 31 31 31 31 31 31 31 31 39 39 39 39 39 39 39 39 39 39 50 50 50 50 50 50 50 50 50 50 62 62 62 62 62 62 62 62 62 62 77 77 77 77 77 77 77 77 77 77 93 93 93 93 93 93 93 93 93 93 112 112 112 112 112 112 112 112 112 112 134 134 134 134 134 134 134 134 134 134 159 159 159 159 159 159 159 159 159 159 187 187 187 187 187 187 187 187 187 187 218 218 218 218 218 218 218 218 218 218 252 252 252 252 252 252 252 252 252 252 293
 1 1 1 1 1 1 1 1 1 1 2 2 2 2 2 2 2 2 2 2 4 4 4 4 4 4 4 4 4 4 6 6 6 6 6 6 6 6 6 6 9 9 9 9 9 9 9 9 9 9 13 13 13 13 13 13 13 13 13 13 18 18 18 18 18 18 18 18 18 18 24 24 24 24 24 24 24 24 24 24 31 31 31 31 31 31 31 31 31 31 39 39 39 39 39 39 39 39 39 39 50 50 50 50 50 50 50 50 50 50 62 62 62 62 62 62 62 62 62 62 77 77 77 77 77 77 77 77 77 77 93 93 93 93 93 93 93 93 93 93 112 112 112 112 112 112 112 112 112 112 134 134 134 134 134 134 134 134 134 134 159 159 159 159 159 159 159 159 159 159 187 187 187 187 187 187 187 187 187 187 218 218 218 218 218 218 218 218 218 218 252 252 252 252 252 252 252 252 252 252 293
 1 1 1 1 1 1 1 1 1 1 2 2 2 2 2 2 2 2 2 2 4 4 4 4 4 4 4 4 4 4 6 6 6 6 6 6 6 6 6 6 9 9 9 9 9 9 9 9 9 9 13 13 13 13 13 13 13 13 13 13 18 18 18 18 18 18 18 18 18 18 24 24 24 24 24 24 24 24 24 24 31 31 31 31 31 31 31 31 31 31 39 39 39 39 39 39 39 39 39 39 50 50 50 50 50 50 50 50 50 50 62 62 62 62 62 62 62 62 62 62 77 77 77 77 77 77 77 77 77 77 93 93 93 93 93 93 93 93 93 93 112 112 112 112 112 112 112 112 112 112 134 134 134 134 134 134 134 134 134 134 159 159 159 159 159 159 159 159 159 159 187 187 187 187 187 187 187 187 187 187 218 218 218 218 218 218 218 218 218 218 252 252 252 252 252 252 252 252 252 252 293
 1 1 1 1 1 1 1 1 1 1 2 2 2 2 2 2 2 2 2 2 4 4 4 4 4 4 4 4 4 4 6 6 6 6 6 6 6 6 6 6 9 9 9 9 9 9 9 9 9 9 13 13 13 13 13 13 13 13 13 13 18 18 18 18 18 18 18 18 18 18 24 24 24 24 24 24 24 24 24 24 31 31 31 31 31 31 31 31 31 31 39 39 39 39 39 39 39 39 39 39 50 50 50 50 50 50 50 50 50 50 62 62 62 62 62 62 62 62 62 62 77 77 77 77 77 77 77 77 77 77 93 93 93 93 93 93 93 93 93 93 112 112 112 112 112 112 112 112 112 112 134 134 134 134 134 134 134 134 134 134 159 159 159 159 159 159 159 159 159 159 187 187 187 187 187 187 187 187 187 187 218 218 218 218 218 218 218 218 218 218 252 252 252 252 252 252 252 252 252 252 293
